==================================================================================================================================
 Files                                                                   Lines         Code     Comments       Blanks
==================================================================================================================================
 Perl
 50                                                                     2706         1542          708          456
----------------------------------------------------------------------------------------------------------------------------------
 athanasius/perl/ch-1.pl                                                 244          165           23           56
 athanasius/perl/ch-2.pl                                                 206          134           23           49
 mattneleigh/perl/ch-2.pl                                                133           62           48           23
 robert-dicicco/perl/ch-2.pl                                              63           52            1           10
 mattneleigh/perl/ch-1.pl                                                 99           46           35           18
 jo-37/perl/ch-2.pl                                                       76           43            6           27
 dave-jacoby/perl/ch-2.pl                                                 49           41            1            7
 jo-37/perl/ch-1.pl                                                       76           40           14           22
 bob-lied/perl/ch-1.pl                                                    62           36           19            7
 kjetillll/perl/ch-1.pl                                                   42           34            2            6
 robert-dicicco/perl/ch-1.pl                                              44           33            1           10
 robbie-hatley/perl/ch-1.pl                                              115           32           71           12
 robbie-hatley/perl/ch-2.pl                                              117           32           73           12
 kjetillll/perl/ch-2.pl                                                   40           32            2            6
 spadacciniweb/perl/ch-2.pl                                               61           32           25            4
 packy-anderson/perl/ch-1.pl                                              38           30            1            7
 ianrifkin/perl/ch-2.pl                                                   49           29           10           10
 peter-meszaros/perl/ch-2.pl                                              69           28           33            8
 bob-lied/perl/ch-2.pl                                                    59           27           23            9
 spadacciniweb/perl/ch-1.pl                                               62           27           30            5
 jeanluc2020/perl/ch-2.pl                                                 74           23           48            3
 packy-anderson/perl/ch-2.pl                                              29           23            1            5
 dave-jacoby/perl/ch-1.pl                                                 28           22            1            5
 ulrich-rieke/perl/ch-2.pl                                                28           22            4            2
 peter-meszaros/perl/ch-1.pl                                              62           21           33            8
 peter-campbell-smith/perl/ch-2.pl                                        30           21            2            7
 zapwai/perl/ch-2.pl                                                      24           20            4            0
 lubos-kolouch/perl/ch-2.pl                                               30           19            3            8
 e-choroba/perl/ch-2.pl                                                   24           18            1            5
 ulrich-rieke/perl/ch-1.pl                                                19           17            1            1
 zapwai/perl/ch-1.pl                                                      15           15            0            0
 ianrifkin/perl/ch-1.pl                                                   28           15            7            6
 jeanluc2020/perl/ch-1.pl                                                 63           14           47            2
 perlboy1967/perl/ch-2.pl                                                 37           13           18            6
 deadmarshal/perl/ch-2.pl                                                 17           13            1            3
 peter-campbell-smith/perl/ch-1.pl                                        22           13            3            6
 roger-bell-west/perl/ch-2.pl                                             18           12            1            5
 lubos-kolouch/perl/ch-1.pl                                               18           11            1            6
 wlmb/perl/ch-2.pl                                                        16           11            5            0
 matthias-muth/perl/ch-2.pl                                               24           11            9            4
 matthias-muth/perl/ch-1.pl                                               24           11            9            4
 e-choroba/perl/ch-1.pl                                                   14           10            1            3
 perlboy1967/perl/ch-1.pl                                                 33           10           17            6
 roger-bell-west/perl/ch-1.pl                                             15           10            1            4
 wlmb/perl/ch-1.pl                                                        14            9            5            0
 razetime/prolog/ch-2.pl                                                  12            9            0            3
 deadmarshal/perl/ch-1.pl                                                 12            8            1            3
 jaldhar-h-vyas/perl/ch-1.pl                                               8            5            1            2
 razetime/prolog/ch-1.pl                                                   6            5            0            1
----------------------------------------------------------------------------------------------------------------------------------
 Python                                                                    19          647          371          163          113
----------------------------------------------------------------------------------------------------------------------------------
 pokgopun/python/ch-2.py                                                  67           62            2            3
 pokgopun/python/ch-1.py                                                  53           49            2            2
 robert-dicicco/python/ch-1.py                                            46           37            1            8
 packy-anderson/python/ch-1.py                                            34           26            1            7
 ianrifkin/python/ch-2.py                                                 34           20            9            5
 packy-anderson/python/ch-2.py                                            27           20            1            6
 jeanluc2020/python/ch-2.py                                               70           18           48            4
 luca-ferrari/python/ch-2.py                                              39           18            9           12
 steven-wilson/python/ch-2.py                                             23           17            1            5
 lubos-kolouch/python/ch-2.py                                             28           16            6            6
 steven-wilson/python/ch-1.py                                             20           14            1            5
 roger-bell-west/python/ch-2.py                                           20           12            1            7
 roger-bell-west/python/ch-1.py                                           19           11            1            7
 ianrifkin/python/ch-1.py                                                 22           11            6            5
 lubos-kolouch/python/ch-1.py                                             18           10            2            6
 luca-ferrari/python/ch-1.py                                              31           10           11           10
 jeanluc2020/python/ch-1.py                                               61            9           47            5
 eric-cheung/python/ch-2.py                                               21            8            7            6
 eric-cheung/python/ch-1.py                                               14            3            7            4
----------------------------------------------------------------------------------------------------------------------------------
 Lua                                                                        4          123          105            0           18
----------------------------------------------------------------------------------------------------------------------------------
 roger-bell-west/lua/ch-2.lua                                             55           49            0            6
 roger-bell-west/lua/ch-1.lua                                             35           29            0            6
 deadmarshal/lua/ch-2.lua                                                 21           18            0            3
 deadmarshal/lua/ch-1.lua                                                 12            9            0            3
----------------------------------------------------------------------------------------------------------------------------------
 Rust                                                                       4           99           88            1           10
----------------------------------------------------------------------------------------------------------------------------------
 roger-bell-west/rust/ch-2.rs                                             35           31            0            4
 ulrich-rieke/rust/ch-2.rs                                                22           21            0            1
 ulrich-rieke/rust/ch-1.rs                                                21           20            0            1
 roger-bell-west/rust/ch-1.rs                                             21           16            1            4
----------------------------------------------------------------------------------------------------------------------------------
 Edn                                                                        2           84           69            2           13
----------------------------------------------------------------------------------------------------------------------------------
 tyler-wardhaugh/clojure/bb.edn                                           68           55            0           13
 tyler-wardhaugh/clojure/deps.edn                                         16           14            2            0
----------------------------------------------------------------------------------------------------------------------------------
 C++                                                                        2           72           62            6            4
----------------------------------------------------------------------------------------------------------------------------------
 ulrich-rieke/cpp/ch-2.cpp                                                48           39            6            3
 ulrich-rieke/cpp/ch-1.cpp                                                24           23            0            1
----------------------------------------------------------------------------------------------------------------------------------
 Ruby                                                                       5          118           59           31           28
----------------------------------------------------------------------------------------------------------------------------------
 roger-bell-west/ruby/ch-2.rb                                             26           17            1            8
 roger-bell-west/ruby/ch-1.rb                                             23           15            1            7
 deadmarshal/ruby/ch2.rb                                                  16           12            1            3
 robert-dicicco/ruby/ch-1.rb                                              43            9           27            7
 deadmarshal/ruby/ch1.rb                                                  10            6            1            3
----------------------------------------------------------------------------------------------------------------------------------
 YAML                                                                       1           58           58            0            0
----------------------------------------------------------------------------------------------------------------------------------
 roger-bell-west/tests.yaml                                               58           58            0            0
----------------------------------------------------------------------------------------------------------------------------------
 Scala                                                                      2           55           51            0            4
----------------------------------------------------------------------------------------------------------------------------------
 roger-bell-west/scala/ch-2.scala                                         28           26            0            2
 roger-bell-west/scala/ch-1.scala                                         27           25            0            2
----------------------------------------------------------------------------------------------------------------------------------
 JavaScript                                                                 2           53           47            0            6
----------------------------------------------------------------------------------------------------------------------------------
 roger-bell-west/javascript/ch-2.js                                       27           24            0            3
 roger-bell-west/javascript/ch-1.js                                       26           23            0            3
----------------------------------------------------------------------------------------------------------------------------------
 Kotlin                                                                     2           53           47            0            6
----------------------------------------------------------------------------------------------------------------------------------
 roger-bell-west/kotlin/ch-2.kt                                           27           24            0            3
 roger-bell-west/kotlin/ch-1.kt                                           26           23            0            3
----------------------------------------------------------------------------------------------------------------------------------
 Go                                                                         2          145           46           91            8
----------------------------------------------------------------------------------------------------------------------------------
 pokgopun/go/ch-2.go                                                      78           26           48            4
 pokgopun/go/ch-1.go                                                      67           20           43            4
----------------------------------------------------------------------------------------------------------------------------------
 Haskell                                                                    4           57           46            1           10
----------------------------------------------------------------------------------------------------------------------------------
 ulrich-rieke/haskell/ch-2.hs                                             20           16            1            3
 deadmarshal/haskell/ch2.hs                                               14           11            0            3
 ulrich-rieke/haskell/ch-1.hs                                             12           11            0            1
 deadmarshal/haskell/ch1.hs                                               11            8            0            3
----------------------------------------------------------------------------------------------------------------------------------
 SQL                                                                        2           55           35           12            8
----------------------------------------------------------------------------------------------------------------------------------
 luca-ferrari/postgresql/ch-2.sql                                         37           26            6            5
 luca-ferrari/postgresql/ch-1.sql                                         18            9            6            3
----------------------------------------------------------------------------------------------------------------------------------
 Lisp                                                                       2           25           21            0            4
----------------------------------------------------------------------------------------------------------------------------------
 deadmarshal/cl/ch2.lisp                                                  15           13            0            2
 deadmarshal/cl/ch1.lisp                                                  10            8            0            2
----------------------------------------------------------------------------------------------------------------------------------
 PSL Assertion                                                              1           24           21            0            3
----------------------------------------------------------------------------------------------------------------------------------
 robert-dicicco/powershell/ch-1.psl                                       24           21            0            3
----------------------------------------------------------------------------------------------------------------------------------
 TCL                                                                        1           49           21           19            9
----------------------------------------------------------------------------------------------------------------------------------
 robert-dicicco/tcl/ch-1.tcl                                              49           21           19            9
----------------------------------------------------------------------------------------------------------------------------------
 Julia                                                                      1           43           11           27            5
----------------------------------------------------------------------------------------------------------------------------------
 robert-dicicco/julia/ch-1.jl                                             43           11           27            5
----------------------------------------------------------------------------------------------------------------------------------
 Shell                                                                      2            6            2            2            2
----------------------------------------------------------------------------------------------------------------------------------
 jaldhar-h-vyas/raku/ch-1.sh                                               3            1            1            1
 jaldhar-h-vyas/perl/ch-2.sh                                               3            1            1            1
